curvelist1 := [
<1, [0,-1,1,-10,-20]>,
<2, [0,-1,0,-2,1]>,
<3, [1,1,1,-30,-76]>,
<4, [1,0,1,-1,-2]>,
<5, [1,0,1,-47,-126]>,
<6, [1,0,1,-1,-1]>,
<7, [0,0,0,-12,20]>,
<8, [1,-1,1,-68,182]>,
<9, [0,0,0,-12,-11]>,
<10, [0,0,0,33,-74]>,
<11, [0,0,0,72,485]>,
<12, [0,-1,0,-203,-1048]>,
<13, [1,-1,1,-23,-34]>,
<14, [0,0,0,-9,-10]>,
<15, [1,0,1,-6,4]>,
<16, [1,0,1,4,-6]>,
<17, [1,0,1,-36,-70]>,
<18, [1,0,0,-71,265]>,
<19, [1,0,1,4,20]>,
<20, [1,-1,0,-6,8]>,
<22, [0,-1,0,-88333,10222037]>,
<23, [0,-1,0,-128,540]>,
<24, [1,-1,0,-240,-469]>,
<25, [1,-1,0,-2430,-42449]>,
<26, [0,0,0,-168,-855]>,
<27, [1,-1,0,885,-4294]>,
<28, [0,0,0,-2703,-54090]>,
<29, [0,-1,0,3699,-118827]>,
<30, [1,1,0,-7325,219000]>,
<31, [0,-1,0,-28,-12]>,
<32, [1,-1,0,-195,-1000]>,
<33, [1,-1,0,-18,4]>,
<34, [1,-1,0,58,-284]>,
<35, [0,1,0,-333,2088]>,
<36, [1,-1,0,-2385,-44240]>,
<37, [0,1,0,-201,199]>,
<38, [1,-1,0,-442,-2784]>,
<39, [1,-1,0,-1617,18666]>,
<40, [0,0,0,-318,1640]>,
<41, [0,-1,0,-1591,-18317]>,
<42, [0,1,0,49,49]>,
<43, [0,-1,0,12,36]>,
<44, [1,-1,0,-6692,-209034]>,
<45, [1,-1,0,258,1791]>,
<46, [1,-1,0,-198,1120]>,
<47, [0,0,0,-375,6250]>,
<48, [1,-1,0,-108,2074]>,
<49, [0,1,0,292,9588]>,
<50, [0,-1,0,-248453,-47558454]>,
<55, [0,1,0,1995,58727]>,
<56, [0,0,0,-17400,4787200]>,
<57, [0,1,0,-13,43]>,
<58, [1,-1,0,-40807260,-94524898325]>,
<60, [0,0,0,117,918]>,
<61, [1,0,1,-4226,94223]>,
<62, [0,0,0,-33339,754630]>,
<63, [0,-1,0,-538,-4628]>,
<64, [1,0,1,-204083,35462018]>,
<65, [1,1,1,-23,20]>,
<66, [0,0,0,-7353,-242352]>,
<67, [0,0,0,-63,162]>,
<68, [1,-1,0,-805514,-264095580]>,
<69, [1,0,1,529,-20491]>,
<70, [0,-1,0,-513,-5103]>,
<71, [1,1,1,62,224]>,
<73, [0,0,0,787952,97113753]>,
<74, [1,-1,0,572906,-1075433592]>,
<75, [0,0,0,125421,5866702]>,
<76, [0,-1,0,-333,-9963]>,
<77, [0,-1,0,307,-4587]>,
<78, [0,0,0,-425379,106683838]>,
<79, [0,0,0,-117603,-15523002]>,
<80, [0,-1,0,-183,-765]>,
<81, [0,0,0,-129800,17843712]>,
<82, [0,-1,0,-583,-5213]>,
<83, [0,0,0,-2110,682176]>,
<84, [1,-1,0,1989,-458150]>,
<85, [1,1,0,-850,-27125]>,
<86, [1,-1,0,34884,2462449]>,
<87, [1,-1,0,-12501,368032]>,
<89, [0,1,0,-5620,160304]>,
<90, [0,0,0,-3371423,801711878]>,
<91, [1,0,1,-8786,-296215]>,
<92, [1,-1,0,33729345,-401153583974]>,
<93, [0,1,0,-355,2354]>,
<94, [0,0,0,-5148,-390528]>,
<95, [1,0,1,5899,478973]>,
<96, [1,-1,0,-40148415,-97904904944]>,
<97, [0,0,0,-558481500,-5079892400000]>,
<98, [1,1,0,-100,-125]>,
<99, [1,-1,0,-4896,-126293]>,
<100, [0,0,0,-18759,-980390]>,
<101, [1,1,0,-1225,-17000]>,
<102, [1,1,0,-975,11250]>,
<103, [1,1,0,-3890,-76825]>,
<104, [1,1,0,-58815,-5514400]>,
<105, [1,-1,0,-9235,342453]>,
<106, [0,0,0,-405,4104]>,
<107, [1,-1,0,-22402,539748]>,
<108, [0,-1,0,-31,-8169]>,
<109, [0,0,0,-2000,-34375]>,
<110, [1,-1,0,5038,62292]>,
<111, [0,0,0,-7020,226368]>,
<112, [1,-1,0,-275,10933]>,
<113, [1,-1,0,-785472,-267747760]>,
<114, [1,-1,1,-5435,157611]>,
<115, [0,0,0,-18,-27]>,
<116, [1,0,1,-4101,100723]>,
<117, [0,0,0,-18714,-985367]>,
<118, [1,-1,0,-40148370,-97905135425]>,
<119, [1,-1,0,-4851,-128840]>,
<120, [1,1,0,25,0]>,
<121, [1,-1,0,-181566,29819155]>,
<122, [1,1,0,-19600,-1064375]>,
<123, [0,-1,0,-6281,-186919]>,
<124, [0,0,0,-1375,-56250]>,
<177, [0,0,0,-340750,-76560000]>,
<178, [0,0,0,-120,-512]>,
<181, [1,-1,0,-1026,10692]>,
<183, [1,-1,0,-12960,-453200]>,
<185, [1,0,0,-6616,206471]>,
<187, [1,0,0,-491,1896]>,
<188, [1,-1,0,-756,-7808]>,
<189, [1,0,1,-913553,328508948]>,
<190, [0,1,0,-108,288]>,
<191, [1,1,0,122,-10940]>,
<192, [1,0,1,-14526053,21308093948]>,
<193, [1,0,1,-129473,-10527244]>,
<194, [1,-1,0,-64980,5986876]>,
<195, [1,0,0,1714,14685]>,
<196, [1,1,0,-6738,-209880]>,
<197, [0,1,0,392,-21712]>,
<199, [1,-1,0,-14796,835434]>,
<200, [1,-1,0,-936,-3668]>,
<202, [1,-1,0,-8226,286474]>,
<203, [1,-1,0,-15606,754272]>,
<204, [0,1,0,-608,-5712]>,
<205, [1,-1,0,27540,-2745500]>,
<207, [1,0,1,153667,1050376556]>,
<208, [1,-1,0,-12240,-518144]>,
<209, [1,-1,0,-12336,530432]>,
<210, [1,-1,0,-51,152]>,
<211, [1,0,1,-14435303,21587495048]>,
<212, [1,0,0,-5391,285606]>,
<213, [1,-1,0,-1021230,397475626]>,
<214, [0,0,0,-10706425,-10586268000]>,
<215, [1,0,0,-246,-1485]>,
<216, [0,-1,0,-14413,1182613]>,
<217, [1,-1,0,3474,-31010]>,
<218, [0,0,0,-3551240,2575835648]>,
<219, [0,1,0,-1608,24288]>,
<220, [0,0,0,-770,8224]>,
<221, [1,-1,0,-6,377]>,
<222, [1,-1,0,-11616,594512]>,
<223, [1,-1,0,-306,-1836]>,
<224, [0,-1,0,-17303,881475]>,
<225, [1,0,0,-105841,13244636]>,
<226, [0,0,0,-55862675,151569825750]>,
<227, [1,-1,0,58950,26038750]>,
<228, [0,1,0,17,38]>,
<229, [1,-1,0,2034,60264]>,
<230, [1,-1,0,-36,-176]>,
<231, [0,0,0,24009700,65021152000]>,
<232, [0,0,0,-760,8448]>,
<233, [1,-1,0,-249696,48087270]>,
<234, [0,1,0,-9608,-365712]>,
<235, [1,0,1,25407,-1172492]>,
<236, [1,-1,0,-12096,-509036]>,
<237, [0,0,0,-221950,40248384]>,
<238, [0,0,0,6,20]>,
<239, [0,0,0,-84,272]>,
<240, [1,0,0,-1,-64]>,
<241, [1,-1,0,-816,7424]>,
<242, [1,-1,0,-6,-1]>,
<243, [1,-1,0,-720,-8960]>,
<281, [0,0,0,-14098626487,643932904467966]>,
<284, [0,0,0,-27613028724215,55849486008698159294]>,
<288, [1,1,0,-1163177961056300788,-365926510640189061755312483]>,
<289, [1,-1,1,173490,156628973]>,
<291, [1,1,1,-70411166718,7186776239309115]>,
<295, [0,1,0,-6627447363,-207668330824122]>,
<297, [0,1,0,-6740460588,-200219177111472]>,
<302, [0,1,0,-7859386910,-268185327947856]>,
<304, [0,0,0,-172584,-27751680]>,
<308, [0,0,0,-36892805,85720848400]>,
<309, [0,0,0,-172854,-27660960]>,
<312, [0,0,0,-13804780,191741059200]>,
<318, [1,1,1,-189530533,-998555156245]>,
<320, [1,-1,1,-219550,37459245]>,
<323, [1,1,0,174549339394871087,-36189713187335153010390608]>,
<324, [1,1,1,-3503663358,159400872404283]>,
<326, [0,-1,0,-7802175025,272281984973281]>,
<328, [1,1,1,-74098773,-2202231376821]>,
<349, [0,0,0,-702142112,14268666577341]>,
<350, [0,0,0,-1725814293280,872648220992027997]>,
<441, [0,0,1,-3014658660,150916472601529]>,
<556, [0,1,0,-28,48]>,
<558, [1,1,0,-5882694,-5494222780]>,
<563, [0,1,0,-3,-2]>,
<566, [1,1,0,-369014,-85302700]>,
<619, [1,-1,1,-303870,-81409651]>,
<649, [1,-1,1,-325630,-71434867]>
];
